{
 "cells": [
  {
   "cell_type": "code",
   "execution_count": 24,
   "id": "2577e4e0",
   "metadata": {},
   "outputs": [
    {
     "name": "stdout",
     "output_type": "stream",
     "text": [
      "Iteration 1 \n",
      " a=\n",
      " [[14.31111111 -4.6296204   8.17152437 -0.85401856]\n",
      " [-4.6296204  -2.50749354 -3.31654897 -7.55147758]\n",
      " [ 8.17152437 -3.31654897 17.45615751 -0.61506064]\n",
      " [-0.85401856 -7.55147758 -0.61506064  2.74022491]] \n",
      " q=\n",
      " [[ 0.84327404 -0.15913201 -0.4346135  -0.27327092]\n",
      " [-0.31622777 -0.29553088  0.06019047 -0.89946573]\n",
      " [ 0.42163702 -0.13639887  0.89539102 -0.04350277]\n",
      " [ 0.10540926  0.93205893  0.07591531 -0.33821872]]\n",
      "Eigenwerte:  -8.779840688249255 7.167481846459975 8.301878508561366 25.310480333227886\n",
      "Iteration 2 \n",
      " a=\n",
      " [[23.1162386  -3.07096129  5.31301126  0.39709356]\n",
      " [-3.07096129 -4.33118383 -0.94775106  7.08245857]\n",
      " [ 5.31301126 -0.94775106  9.66281512  0.75520915]\n",
      " [ 0.39709356  7.08245857  0.75520915  3.55213011]] \n",
      " q=\n",
      " [[ 0.83500394 -0.10992695 -0.48784221  0.22955277]\n",
      " [-0.27012237 -0.42252925  0.03953464  0.86425687]\n",
      " [ 0.47678024 -0.13975016  0.86687151  0.04103991]\n",
      " [-0.04982904 -0.88873786 -0.09476694 -0.44573681]]\n",
      "Iteration 3 \n",
      " a=\n",
      " [[25.07978035 -1.0463362   1.84741813 -0.13027384]\n",
      " [-1.0463362  -5.46703621  0.41905316 -6.5443266 ]\n",
      " [ 1.84741813  0.41905316  8.07394131 -0.36455495]\n",
      " [-0.13027384 -6.5443266  -0.36455495  4.31331455]] \n",
      " q=\n",
      " [[ 0.96638893 -0.07614992 -0.22191522 -0.10510595]\n",
      " [-0.12838347 -0.54465016  0.02023424 -0.82853151]\n",
      " [ 0.22211379 -0.04582196  0.9737485   0.01948539]\n",
      " [ 0.01660075  0.83394109  0.0464551  -0.54964406]]\n",
      "Iteration 4 \n",
      " a=\n",
      " [[25.28797366 -0.33202183  0.58743097  0.04000821]\n",
      " [-0.33202183 -6.15468213  1.21663717  5.90713691]\n",
      " [ 0.58743097  1.21663717  7.88149128  0.05102656]\n",
      " [ 0.04000821  5.90713691  0.05102656  4.98521719]] \n",
      " q=\n",
      " [[ 0.99642249 -0.03481592 -0.06911182  0.0339652 ]\n",
      " [-0.04157105 -0.64166178  0.09723118  0.75966315]\n",
      " [ 0.07339813  0.05533506  0.99283739 -0.07631951]\n",
      " [-0.00517579 -0.76419634 -0.00660122 -0.64492914]]\n",
      "Iteration 5 \n",
      " a=\n",
      " [[ 2.53082483e+01 -1.08028356e-01  1.86365570e-01 -1.20526911e-02]\n",
      " [-1.08028356e-01 -6.66427709e+00  1.82566659e+00 -5.22222206e+00]\n",
      " [ 1.86365570e-01  1.82566659e+00  7.80731711e+00  1.32587700e-01]\n",
      " [-1.20526911e-02 -5.22222206e+00  1.32587700e-01  5.54871169e+00]] \n",
      " q=\n",
      " [[ 0.99964294 -0.01375373 -0.02047128 -0.0102839 ]\n",
      " [-0.01312495 -0.7142541   0.17882395 -0.6765285 ]\n",
      " [ 0.02322136  0.14170229  0.98351423  0.10991359]\n",
      " [ 0.00158154  0.68525351 -0.01739799 -0.72809507]]\n",
      "Iteration 6 \n",
      " a=\n",
      " [[ 2.53102536e+01 -3.61237395e-02  5.94952890e-02  3.58336915e-03]\n",
      " [-3.61237395e-02 -7.05322181e+00  2.28269529e+00  4.53670586e+00]\n",
      " [ 5.94952890e-02  2.28269529e+00  7.74363189e+00 -2.15339446e-01]\n",
      " [ 3.58336915e-03  4.53670586e+00 -2.15339446e-01  5.99933629e+00]] \n",
      " q=\n",
      " [[ 9.99963666e-01 -5.12394476e-03 -6.08732542e-03  3.05896338e-03]\n",
      " [-4.26834878e-03 -7.69428245e-01  2.43270697e-01  5.90577112e-01]\n",
      " [ 7.36355976e-03  2.10828986e-01  9.69517059e-01 -1.24633823e-01]\n",
      " [-4.76218385e-04 -6.02913808e-01  2.86179289e-02 -7.97292749e-01]]\n",
      "Iteration 7 \n",
      " a=\n",
      " [[ 2.53104568e+01 -1.23287604e-02  1.91129998e-02 -1.05380981e-03]\n",
      " [-1.23287604e-02 -7.35183725e+00  2.60178708e+00 -3.88523840e+00]\n",
      " [ 1.91129998e-02  2.60178708e+00  7.69671075e+00  2.31616494e-01]\n",
      " [-1.05380981e-03 -3.88523840e+00  2.31616494e-01  6.34466971e+00]] \n",
      " q=\n",
      " [[ 9.99996209e-01 -1.84950400e-03 -1.83098240e-03 -8.99632716e-04]\n",
      " [-1.42723195e-03 -8.11516310e-01  2.89600160e-01 -5.07514521e-01]\n",
      " [ 2.35063087e-03  2.62642412e-01  9.56640013e-01  1.25909983e-01]\n",
      " [ 1.41577229e-04  5.21973967e-01 -3.11172102e-02 -8.52393616e-01]]\n",
      "Iteration 8 \n",
      " a=\n",
      " [[ 2.53104778e+01 -4.26585771e-03  6.17281061e-03  3.07153025e-04]\n",
      " [-4.26585771e-03 -7.58304446e+00  2.80325518e+00  3.28964859e+00]\n",
      " [ 6.17281061e-03  2.80325518e+00  7.67276054e+00 -2.10102336e-01]\n",
      " [ 3.07153025e-04  3.28964859e+00 -2.10102336e-01  6.59980608e+00]] \n",
      " q=\n",
      " [[ 9.99999595e-01 -6.55074993e-04 -5.57996493e-04  2.62216380e-04]\n",
      " [-4.87101260e-04 -8.43791524e-01  3.20076801e-01  4.30774267e-01]\n",
      " [ 7.55142121e-04  2.98615036e-01  9.46963266e-01 -1.18697361e-01]\n",
      " [-4.16353363e-05 -4.45919832e-01  2.84798804e-02 -8.94619695e-01]]\n",
      "Iteration 9 \n",
      " a=\n",
      " [[ 2.53104801e+01 -1.48867325e-03  2.00206914e-03 -8.88918534e-05]\n",
      " [-1.48867325e-03 -7.76432547e+00  2.91040732e+00 -2.76076304e+00]\n",
      " [ 2.00206914e-03  2.91040732e+00  7.67118839e+00  1.71321609e-01]\n",
      " [-8.88918534e-05 -2.76076304e+00  1.71321609e-01  6.78265702e+00]] \n",
      " q=\n",
      " [[ 9.99999956e-01 -2.29329051e-04 -1.72284523e-04 -7.58869653e-05]\n",
      " [-1.68541169e-04 -8.68791810e-01  3.37703040e-01 -3.62156623e-01]\n",
      " [ 2.43883595e-04  3.21169883e-01  9.40962061e-01  1.06959091e-01]\n",
      " [ 1.21354094e-05  3.76896067e-01 -2.33886210e-02 -9.25960219e-01]]\n",
      "Iteration 10 \n",
      " a=\n",
      " [[ 2.53104803e+01 -5.22044316e-04  6.51469644e-04  2.55843386e-05]\n",
      " [-5.22044316e-04 -7.90866381e+00  2.94558311e+00  2.30123173e+00]\n",
      " [ 6.51469644e-04  2.94558311e+00  7.68768570e+00 -1.28210986e-01]\n",
      " [ 2.55843386e-05  2.30123173e+00 -1.28210986e-01  6.91049780e+00]] \n",
      " q=\n",
      " [[ 9.99999995e-01 -7.97058118e-05 -5.38379511e-05  2.18413481e-05]\n",
      " [-5.88164760e-05 -8.88428205e-01  3.45447557e-01  3.02260330e-01]\n",
      " [ 7.91004015e-05  3.33021587e-01  9.38273000e-01 -9.34900721e-02]\n",
      " [-3.51205717e-06 -3.15898625e-01  1.75999982e-02 -9.48629695e-01]]\n",
      "Iteration 11 \n",
      " a=\n",
      " [[ 2.53104803e+01 -1.83515483e-04  2.12507714e-04 -7.33267171e-06]\n",
      " [-1.83515483e-04 -8.02551586e+00  2.92804938e+00 -1.90837574e+00]\n",
      " [ 2.12507714e-04  2.92804938e+00  7.71692660e+00  8.79021009e-02]\n",
      " [-7.33267171e-06 -1.90837574e+00  8.79021009e-02  6.99810892e+00]] \n",
      " q=\n",
      " [[ 9.99999999e-01 -2.75808429e-05 -1.70015075e-05 -6.25990135e-06]\n",
      " [-2.06256187e-05 -9.04103633e-01  3.45903781e-01 -2.50892795e-01]\n",
      " [ 2.57391261e-05  3.36733544e-01  9.38191740e-01  8.00423525e-02]\n",
      " [ 1.01081996e-06  2.63072501e-01 -1.21174384e-02 -9.64699967e-01]]\n",
      "Iteration 12 \n",
      " a=\n",
      " [[ 2.53104803e+01 -6.45690745e-05  6.94447691e-05  2.09498034e-06]\n",
      " [-6.45690745e-05 -8.12169628e+00  2.87334358e+00  1.57651748e+00]\n",
      " [ 6.94447691e-05  2.87334358e+00  7.75403317e+00 -5.36395907e-02]\n",
      " [ 2.09498034e-06  1.57651748e+00 -5.36395907e-02  7.05718277e+00]] \n",
      " q=\n",
      " [[ 1.00000000e+00 -9.51918558e-06 -5.41614200e-06  1.78848458e-06]\n",
      " [-7.25057289e-06 -9.16832005e-01  3.41177097e-01  2.07406034e-01]\n",
      " [ 8.39603638e-06  3.34499294e-01  9.39969769e-01 -6.75799971e-02]\n",
      " [-2.89708912e-07 -2.18012149e-01  7.41766744e-03 -9.75917866e-01]]\n"
     ]
    }
   ],
   "source": [
    "### QR-Transformation ### \n",
    "\n",
    "\n",
    "import numpy as np\n",
    "\n",
    "maxiter=12\n",
    "a=np.array([[8,-3,4,1],[-3,-2,-2,8],[4,-2,24,-1],[1,8,-1,2]])\n",
    "\n",
    "def qrzerlegung(a):\n",
    "    q=np.eye(len(a))\n",
    "    for i in range (0,len(a)-1):\n",
    "        for j in range (i+1,len(a)):\n",
    "            if a[j][i]!=0:\n",
    "                cos=a[i][i]/np.sqrt((a[j][i])**2+(a[i][i])**2)\n",
    "                sin=a[j][i]/np.sqrt((a[j][i])**2+(a[i][i])**2)\n",
    "                u=np.eye(len(a))  \n",
    "                u[i][i]=cos\n",
    "                u[i][j]=-sin\n",
    "                u[j][i]=sin\n",
    "                u[j][j]=cos\n",
    "                ut=np.transpose(u)\n",
    "                #print(\"uT\",i+1,j+1,\"=\\n\",ut)\n",
    "                a=np.dot(ut,a)\n",
    "                q=np.dot(q,u)\n",
    "                #print(\"q=\\n\",q)\n",
    "                #print(\"a=\\n\",a)\n",
    "    return q , a\n",
    "\n",
    "for i in range (0,maxiter):\n",
    "    q,a= qrzerlegung(a)\n",
    "    a=np.dot(a,q)\n",
    "    print(\"Iteration\",i+1,\"\\n\",\"a=\\n\",a,\"\\n\",\"q=\\n\",q)\n",
    "    if(i==0):\n",
    "        eigenwerte = np.linalg.eigvals(a) #numpy bekommt das iwie durcheinander, so  zumindest für Beleg passend :/\n",
    "        print(\"Eigenwerte: \",eigenwerte[1],eigenwerte[2],eigenwerte[3],eigenwerte[0])\n",
    "    #print(a*q)"
   ]
  },
  {
   "cell_type": "code",
   "execution_count": 12,
   "id": "3a2cdb74",
   "metadata": {},
   "outputs": [
    {
     "name": "stdout",
     "output_type": "stream",
     "text": [
      "\n",
      "uT 12 \n",
      " [[ 0.76822128 -0.6401844   0.        ]\n",
      " [ 0.6401844   0.76822128  0.        ]\n",
      " [ 0.          0.          1.        ]]\n",
      "A=\n",
      " [[ 7.81024968e+00 -1.66447944e+00 -8.45043408e+00]\n",
      " [-5.55111512e-16  2.68877448e+00 -7.68221280e-01]\n",
      " [-2.00000000e+00  2.00000000e+00  3.00000000e+00]]\n",
      "\n",
      "uT 13 \n",
      " [[ 0.96874225  0.          0.24806947]\n",
      " [ 0.          1.          0.        ]\n",
      " [-0.24806947  0.          0.96874225]]\n",
      "A=\n",
      " [[ 8.06225775e+00 -2.10859049e+00 -8.93050089e+00]\n",
      " [-5.55111512e-16  2.68877448e+00 -7.68221280e-01]\n",
      " [ 2.22044605e-16  1.52457796e+00  8.09932041e-01]]\n",
      "\n",
      "uT 23 \n",
      " [[ 1.          0.          0.        ]\n",
      " [ 0.          0.86989184 -0.49324253]\n",
      " [ 0.          0.49324253  0.86989184]]\n",
      "A=\n",
      " [[ 8.06225775e+00 -2.10859049e+00 -8.93050089e+00]\n",
      " [-3.73365131e-16  3.09092966e+00 -2.68776492e-01]\n",
      " [ 4.66959395e-16  1.21704080e-16  1.08347268e+00]]\n"
     ]
    }
   ],
   "source": [
    "### QR-Zerlegung ###\n",
    "\n",
    "import numpy as np\n",
    "\n",
    "A=np.array([[6,-3,-6],[5,1,-6],[-2,2,3]])\n",
    "B=np.array([[14.23188406,1,1,1],[1,-2.225637961781,1,1],[1,1,11.55099424,1],[1,1,1,2.44275967]]) #idk was das hier soll\n",
    "\n",
    "for i in range(0,len(A)-1):\n",
    "    for j in range (i+1,len(A)):\n",
    "        if A[j][i]!=0:\n",
    "            cos=A[i][i]/np.sqrt((A[j][i])**2+(A[i][i])**2)\n",
    "            sin=A[j][i]/np.sqrt((A[j][i])**2+(A[i][i])**2)\n",
    "            u=np.eye(len(A))  \n",
    "            u[i][i]=cos\n",
    "            u[i][j]=-sin\n",
    "            u[j][i]=sin\n",
    "            u[j][j]=cos\n",
    "            ut=np.transpose(u)\n",
    "            print(\"\\nuT %d%d \\n %s\"% (i+1,j+1,u))\n",
    "            A=np.dot(ut,A)\n",
    "            print(\"A=\\n\",A)\n"
   ]
  },
  {
   "cell_type": "code",
   "execution_count": null,
   "id": "3b2b793e",
   "metadata": {},
   "outputs": [],
   "source": []
  }
 ],
 "metadata": {
  "kernelspec": {
   "display_name": "Python 3 (ipykernel)",
   "language": "python",
   "name": "python3"
  },
  "language_info": {
   "codemirror_mode": {
    "name": "ipython",
    "version": 3
   },
   "file_extension": ".py",
   "mimetype": "text/x-python",
   "name": "python",
   "nbconvert_exporter": "python",
   "pygments_lexer": "ipython3",
   "version": "3.9.13"
  }
 },
 "nbformat": 4,
 "nbformat_minor": 5
}
