{
 "cells": [
  {
   "cell_type": "code",
   "execution_count": 18,
   "id": "2577e4e0",
   "metadata": {},
   "outputs": [
    {
     "name": "stdout",
     "output_type": "stream",
     "text": [
      "Iteration 1 \n",
      " a=\n",
      " [[10.18461538 -7.83534239 14.96580257  4.71801004]\n",
      " [ 3.47115763  1.62175404 -6.37123611 -0.0351333 ]\n",
      " [11.74463389  2.91550014 14.77762526 -3.32957865]\n",
      " [ 0.32192187  1.29993202 -0.09915007  3.41600532]] \n",
      " q=\n",
      " [[ 0.35082321 -0.8853979  -0.03590736  0.30282716]\n",
      " [ 0.70164642  0.24348442 -0.64567369 -0.17751937]\n",
      " [ 0.61394061  0.17707958  0.76229027 -0.10311787]\n",
      " [ 0.0877058   0.35415916 -0.02701288  0.93067142]]\n",
      "Iteration 2 \n",
      " a=\n",
      " [[23.71584434 -1.65144664  7.67074614  0.21927443]\n",
      " [-1.63915759 -1.24883147 -9.39375605 -4.5227074 ]\n",
      " [ 7.29990507  5.50121967  3.28776902 -2.46969969]\n",
      " [ 0.0870012   0.70457792  0.11100104  4.24521811]] \n",
      " q=\n",
      " [[ 0.63927197 -0.75756996 -0.06589341  0.11435546]\n",
      " [ 0.217879    0.26207316 -0.93984012 -0.02338713]\n",
      " [ 0.73719183  0.57500144  0.33420649 -0.11927942]\n",
      " [ 0.02020652  0.16364219  0.02578062  0.98597581]]\n",
      "Iteration 3 \n",
      " a=\n",
      " [[ 2.63194570e+01  7.28442417e-01 -2.06123731e+00 -4.44580633e-01]\n",
      " [ 4.06161067e-01  1.16754034e+00 -6.34146223e+00 -1.22567679e+00]\n",
      " [ 2.49518627e+00  8.36922311e+00 -1.97872042e+00  3.79428764e+00]\n",
      " [ 1.58335127e-02  5.38428563e-01 -1.30865431e-01  4.49172311e+00]] \n",
      " q=\n",
      " [[ 9.53663850e-01 -2.99115134e-01 -2.68852686e-04  3.24857736e-02]\n",
      " [-6.59139651e-02 -2.09608350e-01 -9.75556405e-01 -3.06426648e-03]\n",
      " [ 2.93544496e-01  9.23277270e-01 -2.17838304e-01 -1.18055852e-01]\n",
      " [ 3.49850093e-03  1.18968726e-01 -2.89154302e-02  9.92470705e-01]]\n",
      "Iteration 4 \n",
      " a=\n",
      " [[ 2.61224993e+01 -4.61816291e+00 -1.78131972e+00  1.92792301e-01]\n",
      " [-1.17110109e-01 -1.18952797e+00 -8.61527564e+00  4.03822065e+00]\n",
      " [ 5.67590990e-01  6.02007396e+00  8.37389422e-01  1.37435880e+00]\n",
      " [ 2.53815751e-03  2.72541288e-01  2.78274533e-02  4.22963925e+00]] \n",
      " q=\n",
      " [[ 9.95418538e-01 -9.54267273e-02  2.23999725e-03  5.53684591e-03]\n",
      " [ 1.53612689e-02  1.36853136e-01 -9.90469540e-01 -2.31104212e-03]\n",
      " [ 9.43695256e-02  9.83885309e-01  1.37557145e-01 -6.43593327e-02]\n",
      " [ 5.98833480e-04  6.43013083e-02  6.56539661e-03  9.97908753e-01]]\n",
      "Iteration 5 \n",
      " a=\n",
      " [[ 2.61051511e+01 -1.39127361e+00  4.72257160e+00  3.10595278e-01]\n",
      " [ 2.70555417e-02  1.30225990e+00 -6.62214971e+00  6.22584501e-01]\n",
      " [ 1.79664987e-01  7.93600818e+00 -1.56189639e+00 -4.63709474e+00]\n",
      " [ 4.03972089e-04  1.81828256e-01 -4.14559370e-02  4.15448542e+00]] \n",
      " q=\n",
      " [[ 9.99753983e-01 -2.21625491e-02 -1.91830918e-04  8.70854523e-04]\n",
      " [-4.48200979e-03 -1.93743664e-01 -9.81041074e-01 -1.30945072e-03]\n",
      " [ 2.17227053e-02  9.79826791e-01 -1.93543280e-01 -4.48172206e-02]\n",
      " [ 9.71397509e-05  4.37227026e-02 -9.96855849e-03  9.98993966e-01]]\n",
      "Iteration 6 \n",
      " a=\n",
      " [[ 2.61361512e+01  4.24999830e+00  2.07756129e+00  1.77032735e-01]\n",
      " [-9.93534596e-03 -1.40622679e+00 -8.38853068e+00 -4.32723166e+00]\n",
      " [ 4.32093491e-02  6.16630863e+00  1.01271991e+00 -1.49541123e+00]\n",
      " [ 6.58972266e-05  9.61542571e-02  1.23587013e-02  4.25735571e+00]] \n",
      " q=\n",
      " [[ 9.99975780e-01 -6.95775936e-03 -9.12060774e-05  1.41930762e-04]\n",
      " [ 1.03638115e-03  1.61869199e-01 -9.86811361e-01 -7.91283190e-04]\n",
      " [ 6.88219099e-03  9.86529328e-01  1.61848407e-01 -2.27511373e-02]\n",
      " [ 1.54744289e-05  2.25795879e-02  2.90215316e-03  9.99740836e-01]]\n",
      "Iteration 7 \n",
      " a=\n",
      " [[ 2.61379747e+01  1.04119140e+00 -4.61774660e+00  1.42326893e-01]\n",
      " [ 2.30690379e-03  1.36599969e+00 -6.79157473e+00 -4.78636867e-01]\n",
      " [ 1.31603751e-02  7.82246197e+00 -1.78556642e+00  4.40930048e+00]\n",
      " [ 1.07965189e-05  6.51613413e-02 -1.66887279e-02  4.28159204e+00]] \n",
      " q=\n",
      " [[ 9.99998561e-01 -1.69621816e-03 -3.13271687e-06  2.32808416e-05]\n",
      " [-3.80137519e-04 -2.22313594e-01 -9.74975050e-01 -4.16862976e-04]\n",
      " [ 1.65323833e-03  9.74854979e-01 -2.22280146e-01 -1.57026751e-02]\n",
      " [ 2.52130206e-06  1.52170737e-02 -3.89730470e-03  9.99876618e-01]]\n",
      "Iteration 8 \n",
      " a=\n",
      " [[ 2.61357412e+01 -4.38260668e+00 -1.82406454e+00  1.82556381e-01]\n",
      " [-7.70091477e-04 -1.48006680e+00 -8.32040911e+00  4.31798283e+00]\n",
      " [ 3.21441707e-03  6.29794641e+00  1.09940335e+00  1.18196431e+00]\n",
      " [ 1.75346219e-06  3.48353464e-02  4.86500379e-03  4.24492222e+00]] \n",
      " q=\n",
      " [[ 9.99999869e-01 -5.11159345e-04  3.34861622e-07  3.78129938e-06]\n",
      " [ 8.82586932e-05  1.72016307e-01 -9.85094058e-01 -2.82634500e-04]\n",
      " [ 5.03496295e-04  9.85059790e-01  1.72012744e-01 -8.28089201e-03]\n",
      " [ 4.13058687e-07  8.20607511e-03  1.14603673e-03  9.99965673e-01]]\n",
      "Iteration 9 \n",
      " a=\n",
      " [[ 2.61356461e+01 -7.75183278e-01  4.68251005e+00  1.93400215e-01]\n",
      " [ 1.75134561e-04  1.41585613e+00 -6.97919352e+00  1.68064872e-01]\n",
      " [ 9.64948808e-04  7.61586487e+00 -1.78906236e+00 -4.52350962e+00]\n",
      " [ 2.84304799e-07  2.28155349e-02 -6.01868386e-03  4.23756016e+00]] \n",
      " q=\n",
      " [[ 9.99999992e-01 -1.26466961e-04 -5.47546118e-07  6.13044053e-07]\n",
      " [-2.94650710e-05 -2.28772305e-01 -9.73479948e-01 -1.50913616e-04]\n",
      " [ 1.22989320e-04  9.73465063e-01 -2.28767948e-01 -5.56617658e-03]\n",
      " [ 6.70905852e-08  5.38403712e-03 -1.42029619e-03  9.99984497e-01]]\n",
      "Iteration 10 \n",
      " a=\n",
      " [[ 2.61358138e+01  4.46145593e+00  1.61774977e+00  1.79371787e-01]\n",
      " [-6.01843150e-05 -1.58071603e+00 -8.17257216e+00 -4.39580971e+00]\n",
      " [ 2.41252781e-04  6.42160138e+00  1.19392835e+00 -1.00957965e+00]\n",
      " [ 4.62425013e-08  1.25204565e-02  1.89922809e-03  4.25097392e+00]] \n",
      " q=\n",
      " [[ 9.99999999e-01 -3.75234962e-05 -1.60125584e-07  9.97119538e-08]\n",
      " [ 6.70098458e-06  1.82776222e-01 -9.83154537e-01 -9.90848285e-05]\n",
      " [ 3.69207941e-05  9.83150129e-01  1.82775703e-01 -2.97734623e-03]\n",
      " [ 1.08780475e-08  2.94530175e-03  4.46772834e-04  9.99995563e-01]]\n",
      "Iteration 11 \n",
      " a=\n",
      " [[ 2.61358184e+01  5.04580432e-01 -4.71897564e+00  1.75954038e-01]\n",
      " [ 1.35041376e-05  1.44193415e+00 -7.16561607e+00  7.19502965e-02]\n",
      " [ 7.06259823e-05  7.43708357e+00 -1.83093116e+00  4.49245814e+00]\n",
      " [ 7.52522949e-09  8.05227642e-03 -2.22039698e-03  4.25317860e+00]] \n",
      " q=\n",
      " [[ 1.00000000e+00 -9.51356952e-06 -2.96744346e-08  1.62266341e-08]\n",
      " [-2.30275267e-06 -2.39020616e-01 -9.71014491e-01 -5.44010950e-05]\n",
      " [ 9.23073539e-06  9.71012647e-01 -2.39020052e-01 -1.96313920e-03]\n",
      " [ 1.76931553e-09  1.89323366e-03 -5.22054893e-04  9.99998072e-01]]\n",
      "Iteration 12 \n",
      " a=\n",
      " [[ 2.61358059e+01 -4.53654967e+00 -1.39355622e+00  1.81025906e-01]\n",
      " [-4.62730121e-06 -1.65691041e+00 -8.03806141e+00  4.43167516e+00]\n",
      " [ 1.80679058e-05  6.56471429e+00  1.27276696e+00  7.77988673e-01]\n",
      " [ 1.22321532e-09  4.51566773e-03  7.24277226e-04  4.24833753e+00]] \n",
      " q=\n",
      " [[ 1.00000000e+00 -2.75121131e-06 -7.10388712e-09  2.63761670e-09]\n",
      " [ 5.16690827e-07  1.90339705e-01 -9.81718287e-01 -3.49488869e-05]\n",
      " [ 2.70226787e-06  9.81717712e-01  1.90339632e-01 -1.07594315e-03]\n",
      " [ 2.87927830e-10  1.06292522e-03  1.70484760e-04  9.99999421e-01]]\n"
     ]
    }
   ],
   "source": [
    "### QR-Transformation ###\n",
    "\n",
    "import numpy as np\n",
    "\n",
    "maxiter=12\n",
    "a=np.array([[4,-8,7,1],[8,-2,-2,2],[7,-2,24,0],[1,2,0,4]])\n",
    "\n",
    "def qrzerlegung(a):\n",
    "    q=np.eye(len(a))\n",
    "    for i in range (0,len(a)-1):\n",
    "        for j in range (i+1,len(a)):\n",
    "            if a[j][i]!=0:\n",
    "                cos=a[i][i]/np.sqrt((a[j][i])**2+(a[i][i])**2)\n",
    "                sin=a[j][i]/np.sqrt((a[j][i])**2+(a[i][i])**2)\n",
    "                u=np.eye(len(a))  \n",
    "                u[i][i]=cos\n",
    "                u[i][j]=-sin\n",
    "                u[j][i]=sin\n",
    "                u[j][j]=cos\n",
    "                ut=np.transpose(u)\n",
    "                #print(\"uT\",i+1,j+1,\"=\\n\",ut)\n",
    "                a=np.dot(ut,a)\n",
    "                q=np.dot(q,u)\n",
    "                #print(\"q=\\n\",q)\n",
    "                #print(\"a=\\n\",a)\n",
    "    return q , a\n",
    "\n",
    "for i in range (0,maxiter):\n",
    "    q,a= qrzerlegung(a)\n",
    "    a=np.dot(a,q)\n",
    "    print(\"Iteration\",i+1,\"\\n\",\"a=\\n\",a,\"\\n\",\"q=\\n\",q)\n",
    "    #print(a*q)"
   ]
  },
  {
   "cell_type": "code",
   "execution_count": 19,
   "id": "3a2cdb74",
   "metadata": {},
   "outputs": [
    {
     "name": "stdout",
     "output_type": "stream",
     "text": [
      "\n",
      "uT 12 \n",
      " [[ 0.4472136   0.89442719  0.          0.        ]\n",
      " [-0.89442719  0.4472136   0.          0.        ]\n",
      " [ 0.          0.          1.          0.        ]\n",
      " [ 0.          0.          0.          1.        ]]\n",
      "A=\n",
      " [[ 8.94427191 -5.36656315  1.34164079  2.23606798]\n",
      " [ 0.          6.26099034 -7.15541753  0.        ]\n",
      " [ 7.         -2.         24.          0.        ]\n",
      " [ 1.          2.          0.          4.        ]]\n",
      "\n",
      "uT 13 \n",
      " [[ 0.78749923  0.          0.61631563  0.        ]\n",
      " [ 0.          1.          0.          0.        ]\n",
      " [-0.61631563  0.          0.78749923  0.        ]\n",
      " [ 0.          0.          0.          1.        ]]\n",
      "A=\n",
      " [[ 1.13578167e+01 -5.45879562e+00  1.58481163e+01  1.76090181e+00]\n",
      " [ 0.00000000e+00  6.26099034e+00 -7.15541753e+00  0.00000000e+00]\n",
      " [-8.88178420e-16  1.73249831e+00  1.80731074e+01 -1.37812365e+00]\n",
      " [ 1.00000000e+00  2.00000000e+00  0.00000000e+00  4.00000000e+00]]\n",
      "\n",
      "uT 14 \n",
      " [[ 0.99614642  0.          0.          0.0877058 ]\n",
      " [ 0.          1.          0.          0.        ]\n",
      " [ 0.          0.          1.          0.        ]\n",
      " [-0.0877058   0.          0.          0.99614642]]\n",
      "A=\n",
      " [[ 1.14017543e+01 -5.26234812e+00  1.57870443e+01  2.10493925e+00]\n",
      " [ 0.00000000e+00  6.26099034e+00 -7.15541753e+00  0.00000000e+00]\n",
      " [-8.88178420e-16  1.73249831e+00  1.80731074e+01 -1.37812365e+00]\n",
      " [-1.11022302e-16  2.47106089e+00 -1.38997175e+00  3.83014438e+00]]\n",
      "\n",
      "uT 23 \n",
      " [[ 1.          0.          0.          0.        ]\n",
      " [ 0.          0.96378204  0.26669116  0.        ]\n",
      " [ 0.         -0.26669116  0.96378204  0.        ]\n",
      " [ 0.          0.          0.          1.        ]]\n",
      "A=\n",
      " [[ 1.14017543e+01 -5.26234812e+00  1.57870443e+01  2.10493925e+00]\n",
      " [-2.36869331e-16  6.49627204e+00 -2.07632501e+00 -3.67533392e-01]\n",
      " [-8.56010412e-16  0.00000000e+00  1.93268229e+01 -1.32821083e+00]\n",
      " [-1.11022302e-16  2.47106089e+00 -1.38997175e+00  3.83014438e+00]]\n",
      "\n",
      "uT 24 \n",
      " [[ 1.          0.          0.          0.        ]\n",
      " [ 0.          0.93466517  0.          0.35552922]\n",
      " [ 0.          0.          1.          0.        ]\n",
      " [ 0.         -0.35552922  0.          0.93466517]]\n",
      "A=\n",
      " [[ 1.14017543e+01 -5.26234812e+00  1.57870443e+01  2.10493925e+00]\n",
      " [-2.60865185e-16  6.95037354e+00 -2.43484423e+00  1.01820759e+00]\n",
      " [-8.56010412e-16  0.00000000e+00  1.93268229e+01 -1.32821083e+00]\n",
      " [-1.95547102e-17  0.00000000e+00 -5.60963964e-01  3.71057139e+00]]\n",
      "\n",
      "uT 34 \n",
      " [[ 1.          0.          0.          0.        ]\n",
      " [ 0.          1.          0.          0.        ]\n",
      " [ 0.          0.          0.99957904 -0.02901293]\n",
      " [ 0.          0.          0.02901293  0.99957904]]\n",
      "A=\n",
      " [[ 1.14017543e+01 -5.26234812e+00  1.57870443e+01  2.10493925e+00]\n",
      " [-2.60865185e-16  6.95037354e+00 -2.43484423e+00  1.01820759e+00]\n",
      " [-8.55082723e-16  0.00000000e+00  1.93349622e+01 -1.43530626e+00]\n",
      " [-4.43818511e-17  0.00000000e+00  1.11022302e-16  3.67047409e+00]]\n"
     ]
    }
   ],
   "source": [
    "### QR-Zerlegung ###\n",
    "\n",
    "import numpy as np\n",
    "\n",
    "A=np.array([[3,-3,-6],[5,1,-2],[-2,2,3]])\n",
    "B=np.array([[14.23188406,1,1,1],[1,-2.225637961781,1,1],[1,1,11.55099424,1],[1,1,1,2.44275967]])\n",
    "\n",
    "for i in range(0,len(A)-1):\n",
    "    for j in range (i+1,len(A)):\n",
    "        if A[j][i]!=0:\n",
    "            cos=A[i][i]/np.sqrt((A[j][i])**2+(A[i][i])**2)\n",
    "            sin=A[j][i]/np.sqrt((A[j][i])**2+(A[i][i])**2)\n",
    "            u=np.eye(len(A))  \n",
    "            u[i][i]=cos\n",
    "            u[i][j]=-sin\n",
    "            u[j][i]=sin\n",
    "            u[j][j]=cos\n",
    "            ut=np.transpose(u)\n",
    "            print(\"\\nuT %d%d \\n %s\"% (i+1,j+1,ut))\n",
    "            A=np.dot(ut,A)\n",
    "            print(\"A=\\n\",A)\n"
   ]
  },
  {
   "cell_type": "code",
   "execution_count": null,
   "id": "3b2b793e",
   "metadata": {},
   "outputs": [],
   "source": []
  }
 ],
 "metadata": {
  "kernelspec": {
   "display_name": "Python 3 (ipykernel)",
   "language": "python",
   "name": "python3"
  },
  "language_info": {
   "codemirror_mode": {
    "name": "ipython",
    "version": 3
   },
   "file_extension": ".py",
   "mimetype": "text/x-python",
   "name": "python",
   "nbconvert_exporter": "python",
   "pygments_lexer": "ipython3",
   "version": "3.9.7"
  }
 },
 "nbformat": 4,
 "nbformat_minor": 5
}
