{
 "cells": [
  {
   "cell_type": "code",
   "execution_count": 21,
   "id": "2577e4e0",
   "metadata": {},
   "outputs": [
    {
     "name": "stdout",
     "output_type": "stream",
     "text": [
      "Iterarion 1 \n",
      " a=\n",
      " [[ 17.35384615 -10.97184382  10.6855283   -0.46143358]\n",
      " [-10.97184382  -3.26940727  -0.15718331  -2.84507653]\n",
      " [ 10.6855283   -0.15718331  13.52426871  -0.29814983]\n",
      " [ -0.46143358  -2.84507653  -0.29814983   4.3912924 ]] \n",
      " q=\n",
      " [[ 0.35082321 -0.75307314 -0.29632503 -0.47116388]\n",
      " [-0.70164642 -0.36852515  0.54401312 -0.27555625]\n",
      " [ 0.61394061 -0.06809704  0.78296214  0.07355273]\n",
      " [ 0.0877058   0.54077061  0.05667006 -0.83466361]]\n"
     ]
    }
   ],
   "source": [
    "### QR-Transformation ###\n",
    "\n",
    "import numpy as np\n",
    "\n",
    "maxiter=1\n",
    "a=np.array([[4,-8,7,1],[-8,-2,-2,5],[7,-2,26,-1],[1,5,-1,4]])\n",
    "\n",
    "def qrzerlegung(a):\n",
    "    q=np.eye(len(a))\n",
    "    for i in range (0,len(a)-1):\n",
    "        for j in range (i+1,len(a)):\n",
    "            if a[j][i]!=0:\n",
    "                cos=a[i][i]/np.sqrt((a[j][i])**2+(a[i][i])**2)\n",
    "                sin=a[j][i]/np.sqrt((a[j][i])**2+(a[i][i])**2)\n",
    "                u=np.eye(len(a))  \n",
    "                u[i][i]=cos\n",
    "                u[i][j]=-sin\n",
    "                u[j][i]=sin\n",
    "                u[j][j]=cos\n",
    "                ut=np.transpose(u)\n",
    "                #print(\"uT\",i+1,j+1,\"=\\n\",ut)\n",
    "                a=np.dot(ut,a)\n",
    "                q=np.dot(q,u)\n",
    "                #print(\"q=\\n\",q)\n",
    "                #print(\"a=\\n\",a)\n",
    "    return q , a\n",
    "\n",
    "for i in range (0,maxiter):\n",
    "    q,a= qrzerlegung(a)\n",
    "    a=np.dot(a,q)\n",
    "    print(\"Iterarion\",i+1,\"\\n\",\"a=\\n\",a,\"\\n\",\"q=\\n\",q)"
   ]
  },
  {
   "cell_type": "code",
   "execution_count": 15,
   "id": "3a2cdb74",
   "metadata": {},
   "outputs": [
    {
     "name": "stdout",
     "output_type": "stream",
     "text": [
      "\n",
      "uT 12 \n",
      " [[ 0.99754053  0.07009195  0.          0.        ]\n",
      " [-0.07009195  0.99754053  0.          0.        ]\n",
      " [ 0.          0.          1.          0.        ]\n",
      " [ 0.          0.          0.          1.        ]]\n",
      "A=\n",
      " [[14.26697319  0.84154123  1.06763249  1.06763249]\n",
      " [ 0.         -2.29025603  0.92744858  0.92744858]\n",
      " [ 1.          1.         11.55099424  1.        ]\n",
      " [ 1.          1.          1.          2.44275967]]\n",
      "\n",
      "uT 13 \n",
      " [[ 0.99755257  0.          0.06992041  0.        ]\n",
      " [ 0.          1.          0.          0.        ]\n",
      " [-0.06992041  0.          0.99755257  0.        ]\n",
      " [ 0.          0.          0.          1.        ]]\n",
      "A=\n",
      " [[14.30197622  0.90940202  1.87266975  1.13493994]\n",
      " [ 0.         -2.29025603  0.92744858  0.92744858]\n",
      " [ 0.          0.93871167 11.44807473  0.92290328]\n",
      " [ 1.          1.          1.          2.44275967]]\n",
      "\n",
      "uT 14 \n",
      " [[ 0.99756449  0.          0.          0.06975012]\n",
      " [ 0.          1.          0.          0.        ]\n",
      " [ 0.          0.          1.          0.        ]\n",
      " [-0.06975012  0.          0.          0.99756449]]\n",
      "A=\n",
      " [[14.3368938   0.97693728  1.93785897  1.30255856]\n",
      " [ 0.         -2.29025603  0.92744858  0.92744858]\n",
      " [ 0.          0.93871167 11.44807473  0.92290328]\n",
      " [ 0.          0.9341336   0.86694556  2.35764812]]\n",
      "\n",
      "uT 23 \n",
      " [[ 1.          0.          0.          0.        ]\n",
      " [ 0.         -0.92529349  0.37925183  0.        ]\n",
      " [ 0.         -0.37925183 -0.92529349  0.        ]\n",
      " [ 0.          0.          0.          1.        ]]\n",
      "A=\n",
      " [[ 14.3368938    0.97693728   1.93785897   1.30255856]\n",
      " [  0.           2.47516713   3.48354118  -0.50814938]\n",
      " [  0.           0.         -10.94456563  -1.20569297]\n",
      " [  0.           0.9341336    0.86694556   2.35764812]]\n",
      "\n",
      "uT 24 \n",
      " [[ 1.          0.          0.          0.        ]\n",
      " [ 0.          0.9355882   0.          0.35309308]\n",
      " [ 0.          0.          1.          0.        ]\n",
      " [ 0.         -0.35309308  0.          0.9355882 ]]\n",
      "A=\n",
      " [[ 14.3368938    0.97693728   1.93785897   1.30255856]\n",
      " [  0.           2.64557326   3.5652725    0.35705066]\n",
      " [  0.           0.         -10.94456563  -1.20569297]\n",
      " [  0.           0.          -0.41891023   2.38521179]]\n",
      "\n",
      "uT 34 \n",
      " [[ 1.          0.          0.          0.        ]\n",
      " [ 0.          1.          0.          0.        ]\n",
      " [ 0.          0.         -0.99926829 -0.03824763]\n",
      " [ 0.          0.          0.03824763 -0.99926829]]\n",
      "A=\n",
      " [[14.3368938   0.97693728  1.93785897  1.30255856]\n",
      " [ 0.          2.64557326  3.5652725   0.35705066]\n",
      " [ 0.          0.         10.95257972  1.11358205]\n",
      " [ 0.          0.          0.         -2.42958141]]\n"
     ]
    }
   ],
   "source": [
    "### QR-Zerlegung ###\n",
    "\n",
    "import numpy as np\n",
    "\n",
    "A=np.array([[14.23188406,1,1,1],[1,-2.225637961781,1,1],[1,1,11.55099424,1],[1,1,1,2.44275967]])\n",
    "\n",
    "for i in range (0,len(A)-1):\n",
    "    for j in range (i+1,len(A)):\n",
    "        if A[j][i]!=0:\n",
    "            cos=A[i][i]/np.sqrt((A[j][i])**2+(A[i][i])**2)\n",
    "            sin=A[j][i]/np.sqrt((A[j][i])**2+(A[i][i])**2)\n",
    "            u=np.eye(len(A))  \n",
    "            u[i][i]=cos\n",
    "            u[i][j]=-sin\n",
    "            u[j][i]=sin\n",
    "            u[j][j]=cos\n",
    "            ut=np.transpose(u)\n",
    "            print(\"\\nuT %d%d \\n %s\"% (i+1,j+1,ut))\n",
    "            A=np.dot(ut,A)\n",
    "            print(\"A=\\n\",A)\n"
   ]
  }
 ],
 "metadata": {
  "kernelspec": {
   "display_name": "Python 3 (ipykernel)",
   "language": "python",
   "name": "python3"
  },
  "language_info": {
   "codemirror_mode": {
    "name": "ipython",
    "version": 3
   },
   "file_extension": ".py",
   "mimetype": "text/x-python",
   "name": "python",
   "nbconvert_exporter": "python",
   "pygments_lexer": "ipython3",
   "version": "3.9.13"
  }
 },
 "nbformat": 4,
 "nbformat_minor": 5
}
