{
 "cells": [
  {
   "cell_type": "code",
   "execution_count": 15,
   "id": "2577e4e0",
   "metadata": {},
   "outputs": [
    {
     "name": "stdout",
     "output_type": "stream",
     "text": [
      "Iteration 1 \n",
      " a=\n",
      " [[14.03773585 -6.459241    6.18602366 -0.73361767]\n",
      " [-6.459241   -3.99879633 -3.29168744 -6.58475683]\n",
      " [ 6.18602366 -3.29168744 14.41468892 -0.75808286]\n",
      " [-0.73361767 -6.58475683 -0.75808286  3.54637157]] \n",
      " q=\n",
      " [[ 0.77702869 -0.25501642 -0.41278346 -0.40100231]\n",
      " [-0.48564293 -0.37758245  0.08094502 -0.7842387 ]\n",
      " [ 0.38851434 -0.1798953   0.90165628 -0.06091174]\n",
      " [ 0.09712859  0.87180032  0.1003677  -0.46952802]]\n",
      "Iteration 2 \n",
      " a=\n",
      " [[20.25067972 -4.20353191  4.02811636  0.31180548]\n",
      " [-4.20353191 -7.00354817 -0.90643693  5.11260247]\n",
      " [ 4.02811636 -0.90643693  9.9229599   0.76197806]\n",
      " [ 0.31180548  5.11260247  0.76197806  4.82990856]] \n",
      " q=\n",
      " [[ 8.42556712e-01 -2.54347855e-01 -3.86439727e-01  2.75807347e-01]\n",
      " [-3.87689078e-01 -6.23408068e-01  4.84230949e-02  6.77284847e-01]\n",
      " [ 3.71290343e-01 -1.59381592e-01  9.14735374e-01  4.29837028e-04]\n",
      " [-4.40323497e-02 -7.21988267e-01 -1.07604536e-01 -6.82066975e-01]]\n",
      "Iteration 3 \n",
      " a=\n",
      " [[21.9289895  -1.86145311  1.73384403 -0.10030985]\n",
      " [-1.86145311 -8.41966522  0.30840956 -3.76340946]\n",
      " [ 1.73384403  0.30840956  8.87311721 -0.47967707]\n",
      " [-0.10030985 -3.76340946 -0.47967707  5.6175585 ]] \n",
      " q=\n",
      " [[ 0.96096529 -0.16917575 -0.18796343 -0.11222759]\n",
      " [-0.19947223 -0.81333747  0.03777305 -0.54522122]\n",
      " [ 0.19114815 -0.04122441  0.97889564  0.05938229]\n",
      " [ 0.01479626  0.55512365  0.07075501 -0.82862086]]\n",
      "Iteration 4 \n",
      " a=\n",
      " [[22.20897758 -0.78223331  0.69064743  0.03000058]\n",
      " [-0.78223331 -8.96976908  0.77574476  2.66127875]\n",
      " [ 0.69064743  0.77574476  8.72638904  0.31043839]\n",
      " [ 0.03000058  2.66127875  0.31043839  6.03440246]] \n",
      " q=\n",
      " [[ 0.99332839 -0.0824667  -0.07253658  0.03516248]\n",
      " [-0.08431917 -0.9104689   0.07344594  0.39817376]\n",
      " [ 0.0785388   0.04220938  0.9935459  -0.07011828]\n",
      " [-0.00454379 -0.40306822 -0.04701794 -0.91395004]]\n",
      "Iteration 5 \n",
      " a=\n",
      " [[ 2.22533450e+01 -3.30513071e-01  2.72646325e-01 -8.78007637e-03]\n",
      " [-3.30513071e-01 -9.20954045e+00  9.51886117e-01 -1.84052745e+00]\n",
      " [ 2.72646325e-01  9.51886117e-01  8.71882987e+00 -2.18763883e-01]\n",
      " [-8.78007637e-03 -1.84052745e+00 -2.18763883e-01  6.23736555e+00]] \n",
      " q=\n",
      " [[ 0.99889711 -0.03661949 -0.02749857 -0.01036407]\n",
      " [-0.03518265 -0.9547857   0.09835599 -0.2783389 ]\n",
      " [ 0.03106337  0.0838785   0.99420301  0.05966447]\n",
      " [ 0.00134934  0.28285628  0.03362011 -0.95857196]]\n",
      "Iteration 6 \n",
      " a=\n",
      " [[ 2.22605075e+01 -1.40570845e-01  1.07655401e-01  2.54737619e-03]\n",
      " [-1.40570845e-01 -9.32188688e+00  9.97724308e-01  1.25858439e+00]\n",
      " [ 1.07655401e-01  9.97724308e-01  8.72970445e+00  1.62318255e-01]\n",
      " [ 2.54737619e-03  1.25858439e+00  1.62318255e-01  6.33167493e+00]] \n",
      " q=\n",
      " [[ 9.99814624e-01 -1.58027868e-02 -1.05796512e-02  3.01018414e-03]\n",
      " [-1.48495339e-02 -9.75477961e-01  1.08117277e-01  1.91135801e-01]\n",
      " [ 1.22496543e-02  1.01029842e-01  9.93764009e-01 -4.55632720e-02]\n",
      " [-3.94477717e-04 -1.94899952e-01 -2.51360340e-02 -9.80500909e-01]]\n",
      "Iteration 7 \n",
      " a=\n",
      " [[ 2.22616860e+01 -5.99792589e-02  4.25440445e-02 -7.36100870e-04]\n",
      " [-5.99792589e-02 -9.37738868e+00  9.82937881e-01 -8.55832736e-01]\n",
      " [ 4.25440445e-02  9.82937881e-01  8.74137581e+00 -1.22832460e-01]\n",
      " [-7.36100870e-04 -8.55832736e-01 -1.22832460e-01  6.37432689e+00]] \n",
      " q=\n",
      " [[ 9.99968362e-01 -6.74843612e-03 -4.12020577e-03 -8.69982050e-04]\n",
      " [-6.31460887e-03 -9.85455182e-01  1.09012119e-01 -1.30209705e-01]\n",
      " [ 4.83600814e-03  1.05507304e-01  9.93848460e-01  3.33175596e-02]\n",
      " [ 1.14431156e-04  1.33044170e-01  1.90950194e-02 -9.90926141e-01]]\n",
      "Iteration 8 \n",
      " a=\n",
      " [[ 2.22618825e+01 -2.56220682e-02  1.68219772e-02  2.12289565e-04]\n",
      " [-2.56220682e-02 -9.40657471e+00  9.40953215e-01  5.80361510e-01]\n",
      " [ 1.68219772e-02  9.40953215e-01  8.75141037e+00  9.32723070e-02]\n",
      " [ 2.12289565e-04  5.80361510e-01  9.32723070e-02  6.39328184e+00]] \n",
      " q=\n",
      " [[ 9.99994544e-01 -2.87003033e-03 -1.61627935e-03  2.50907261e-04]\n",
      " [-2.69426726e-03 -9.90474798e-01  1.05559339e-01  8.83721808e-02]\n",
      " [ 1.91107773e-03  1.03827212e-01  9.94305564e-01 -2.39311985e-02]\n",
      " [-3.30656382e-05 -9.03955109e-02 -1.45278377e-02 -9.95799976e-01]]\n",
      "Iteration 9 \n",
      " a=\n",
      " [[ 2.22619156e+01 -1.09474730e-02  6.65335092e-03 -6.11642369e-05]\n",
      " [-1.09474730e-02 -9.42323706e+00  8.88041627e-01 -3.93023390e-01]\n",
      " [ 6.65335092e-03  8.88041627e-01  8.75973032e+00 -7.06181552e-02]\n",
      " [-6.11642369e-05 -3.93023390e-01 -7.06181552e-02  6.40159114e+00]] \n",
      " q=\n",
      " [[ 9.99999052e-01 -1.21872664e-03 -6.36568647e-04 -7.22909646e-05]\n",
      " [-1.15093788e-03 -9.93163477e-01  1.00202890e-01 -5.98695536e-02]\n",
      " [ 7.55639656e-04  9.93485251e-02  9.94905903e-01  1.70746237e-02]\n",
      " [ 9.53600236e-06  6.12755454e-02  1.10099452e-02 -9.98060163e-01]]\n",
      "Iteration 10 \n",
      " a=\n",
      " [[ 2.22619212e+01 -4.67653597e-03  2.63187750e-03  1.76139100e-05]\n",
      " [-4.67653597e-03 -9.43372274e+00  8.32038290e-01  2.65977458e-01]\n",
      " [ 2.63187750e-03  8.32038290e-01  8.76661561e+00  5.32093010e-02]\n",
      " [ 1.76139100e-05  2.65977458e-01  5.32093010e-02  6.40518592e+00]] \n",
      " q=\n",
      " [[ 9.99999834e-01 -5.17297793e-04 -2.51245556e-04  2.08181694e-05]\n",
      " [-4.91757823e-04 -9.94731460e-01  9.41640108e-02  4.05243120e-02]\n",
      " [ 2.98866905e-04  9.37432070e-02  9.95522069e-01 -1.21627412e-02]\n",
      " [-2.74748265e-06 -4.14881448e-02 -8.29978301e-03 -9.99104523e-01]]\n",
      "Iteration 11 \n",
      " a=\n",
      " [[ 2.22619222e+01 -1.99702208e-03  1.04116468e-03 -5.07117218e-06]\n",
      " [-1.99702208e-03 -9.44099318e+00  7.76629572e-01 -1.79938076e-01]\n",
      " [ 1.04116468e-03  7.76629572e-01  8.77235311e+00 -3.98945990e-02]\n",
      " [-5.07117218e-06 -1.79938076e-01 -3.98945990e-02  6.40671791e+00]] \n",
      " q=\n",
      " [[ 9.99999971e-01 -2.19578927e-04 -9.92746488e-05 -5.99370232e-06]\n",
      " [-2.10068834e-04 -9.95740415e-01  8.80297258e-02 -2.74180489e-02]\n",
      " [ 1.18223283e-04  8.78226373e-02  9.96098396e-01  8.66927245e-03]\n",
      " [ 7.91212463e-07  2.80742288e-02  6.22441969e-03 -9.99586462e-01]]\n",
      "Iteration 12 \n",
      " a=\n",
      " [[ 2.22619223e+01 -8.52465465e-04  4.11893289e-04  1.45984835e-06]\n",
      " [-8.52465465e-04 -9.44645610e+00  7.23474541e-01  1.21709541e-01]\n",
      " [ 4.11893289e-04  7.23474541e-01  8.77717526e+00  2.97784261e-02]\n",
      " [ 1.45984835e-06  1.21709541e-01  2.97784261e-02  6.40735851e+00]] \n",
      " q=\n",
      " [[ 9.99999995e-01 -9.32255810e-05 -3.92493397e-05  1.72541896e-06]\n",
      " [-8.97057342e-05 -9.96453849e-01  8.20715916e-02  1.85464849e-02]\n",
      " [ 4.67688577e-05  8.19697202e-02  9.96615603e-01 -6.18884383e-03]\n",
      " [-2.27795790e-07 -1.89916446e-02 -4.64664709e-03 -9.99808845e-01]]\n"
     ]
    }
   ],
   "source": [
    "### QR-Transformation ### \n",
    "\n",
    "'''TODO: Eigenwerte!'''\n",
    "\n",
    "import numpy as np\n",
    "\n",
    "maxiter=12\n",
    "a=np.array([[8,-5,4,1],[-5,-2,-3,8],[4,-3,20,-1],[1,8,-1,2]])\n",
    "\n",
    "def qrzerlegung(a):\n",
    "    q=np.eye(len(a))\n",
    "    for i in range (0,len(a)-1):\n",
    "        for j in range (i+1,len(a)):\n",
    "            if a[j][i]!=0:\n",
    "                cos=a[i][i]/np.sqrt((a[j][i])**2+(a[i][i])**2)\n",
    "                sin=a[j][i]/np.sqrt((a[j][i])**2+(a[i][i])**2)\n",
    "                u=np.eye(len(a))  \n",
    "                u[i][i]=cos\n",
    "                u[i][j]=-sin\n",
    "                u[j][i]=sin\n",
    "                u[j][j]=cos\n",
    "                ut=np.transpose(u)\n",
    "                #print(\"uT\",i+1,j+1,\"=\\n\",ut)\n",
    "                a=np.dot(ut,a)\n",
    "                q=np.dot(q,u)\n",
    "                #print(\"q=\\n\",q)\n",
    "                #print(\"a=\\n\",a)\n",
    "    return q , a\n",
    "\n",
    "for i in range (0,maxiter):\n",
    "    q,a= qrzerlegung(a)\n",
    "    a=np.dot(a,q)\n",
    "    print(\"Iteration\",i+1,\"\\n\",\"a=\\n\",a,\"\\n\",\"q=\\n\",q)\n",
    "    #print(a*q)"
   ]
  },
  {
   "cell_type": "code",
   "execution_count": 12,
   "id": "3a2cdb74",
   "metadata": {},
   "outputs": [
    {
     "name": "stdout",
     "output_type": "stream",
     "text": [
      "\n",
      "uT 12 \n",
      " [[ 0.76822128 -0.6401844   0.        ]\n",
      " [ 0.6401844   0.76822128  0.        ]\n",
      " [ 0.          0.          1.        ]]\n",
      "A=\n",
      " [[ 7.81024968e+00 -1.66447944e+00 -8.45043408e+00]\n",
      " [-5.55111512e-16  2.68877448e+00 -7.68221280e-01]\n",
      " [-2.00000000e+00  2.00000000e+00  3.00000000e+00]]\n",
      "\n",
      "uT 13 \n",
      " [[ 0.96874225  0.          0.24806947]\n",
      " [ 0.          1.          0.        ]\n",
      " [-0.24806947  0.          0.96874225]]\n",
      "A=\n",
      " [[ 8.06225775e+00 -2.10859049e+00 -8.93050089e+00]\n",
      " [-5.55111512e-16  2.68877448e+00 -7.68221280e-01]\n",
      " [ 2.22044605e-16  1.52457796e+00  8.09932041e-01]]\n",
      "\n",
      "uT 23 \n",
      " [[ 1.          0.          0.        ]\n",
      " [ 0.          0.86989184 -0.49324253]\n",
      " [ 0.          0.49324253  0.86989184]]\n",
      "A=\n",
      " [[ 8.06225775e+00 -2.10859049e+00 -8.93050089e+00]\n",
      " [-3.73365131e-16  3.09092966e+00 -2.68776492e-01]\n",
      " [ 4.66959395e-16  1.21704080e-16  1.08347268e+00]]\n"
     ]
    }
   ],
   "source": [
    "### QR-Zerlegung ###\n",
    "\n",
    "import numpy as np\n",
    "\n",
    "A=np.array([[6,-3,-6],[5,1,-6],[-2,2,3]])\n",
    "B=np.array([[14.23188406,1,1,1],[1,-2.225637961781,1,1],[1,1,11.55099424,1],[1,1,1,2.44275967]]) #idk was das hier soll\n",
    "\n",
    "for i in range(0,len(A)-1):\n",
    "    for j in range (i+1,len(A)):\n",
    "        if A[j][i]!=0:\n",
    "            cos=A[i][i]/np.sqrt((A[j][i])**2+(A[i][i])**2)\n",
    "            sin=A[j][i]/np.sqrt((A[j][i])**2+(A[i][i])**2)\n",
    "            u=np.eye(len(A))  \n",
    "            u[i][i]=cos\n",
    "            u[i][j]=-sin\n",
    "            u[j][i]=sin\n",
    "            u[j][j]=cos\n",
    "            ut=np.transpose(u)\n",
    "            print(\"\\nuT %d%d \\n %s\"% (i+1,j+1,u))\n",
    "            A=np.dot(ut,A)\n",
    "            print(\"A=\\n\",A)\n"
   ]
  },
  {
   "cell_type": "code",
   "execution_count": null,
   "id": "3b2b793e",
   "metadata": {},
   "outputs": [],
   "source": []
  }
 ],
 "metadata": {
  "kernelspec": {
   "display_name": "Python 3 (ipykernel)",
   "language": "python",
   "name": "python3"
  },
  "language_info": {
   "codemirror_mode": {
    "name": "ipython",
    "version": 3
   },
   "file_extension": ".py",
   "mimetype": "text/x-python",
   "name": "python",
   "nbconvert_exporter": "python",
   "pygments_lexer": "ipython3",
   "version": "3.9.13"
  }
 },
 "nbformat": 4,
 "nbformat_minor": 5
}
